image: mapa035.pgm
resolution: 0.350000
origin: [-7.083550, -9.186791, 0.000000]
negate: 0
occupied_thresh: 0.65
free_thresh: 0.196

